gamma = 1.0:
[[4. 5. 5. 5. 5. 5.]
 [3. 4. 5. 5. 5. 5.]
 [3. 3. 4. 5. 5. 5.]
 [3. 3. 3. 4. 5. 5.]
 [3. 3. 3. 3. 4. 5.]
 [3. 3. 3. 3. 3. 4.]]
||w-g||/||g|| = 1.2631870857957336e-14

gamma = 0.1:
[[4.  4.1 4.1 4.1 4.1 4.1]
 [3.9 4.  4.1 4.1 4.1 4.1]
 [3.9 3.9 4.  4.1 4.1 4.1]
 [3.9 3.9 3.9 4.  4.1 4.1]
 [3.9 3.9 3.9 3.9 4.  4.1]
 [3.9 3.9 3.9 3.9 3.9 4. ]]
||w-g||/||g|| = 6.270469152732114e-13

gamma = 0.01:
[[4.   4.01 4.01 4.01 4.01 4.01]
 [3.99 4.   4.01 4.01 4.01 4.01]
 [3.99 3.99 4.   4.01 4.01 4.01]
 [3.99 3.99 3.99 4.   4.01 4.01]
 [3.99 3.99 3.99 3.99 4.   4.01]
 [3.99 3.99 3.99 3.99 3.99 4.  ]]
||w-g||/||g|| = 2.733414200451628e-11

gamma = 0.001:
[[4.    4.001 4.001 4.001 4.001 4.001]
 [3.999 4.    4.001 4.001 4.001 4.001]
 [3.999 3.999 4.    4.001 4.001 4.001]
 [3.999 3.999 3.999 4.    4.001 4.001]
 [3.999 3.999 3.999 3.999 4.    4.001]
 [3.999 3.999 3.999 3.999 3.999 4.   ]]
||w-g||/||g|| = 2.7320146702244698e-08

gamma = 0.0001:
[[4.     4.0001 4.0001 4.0001 4.0001 4.0001]
 [3.9999 4.     4.0001 4.0001 4.0001 4.0001]
 [3.9999 3.9999 4.     4.0001 4.0001 4.0001]
 [3.9999 3.9999 3.9999 4.     4.0001 4.0001]
 [3.9999 3.9999 3.9999 3.9999 4.     4.0001]
 [3.9999 3.9999 3.9999 3.9999 3.9999 4.    ]]
||w-g||/||g|| = 1.698048722724862e-07

gamma = 1e-05:
[[4.      4.00001 4.00001 4.00001 4.00001 4.00001]
 [3.99999 4.      4.00001 4.00001 4.00001 4.00001]
 [3.99999 3.99999 4.      4.00001 4.00001 4.00001]
 [3.99999 3.99999 3.99999 4.      4.00001 4.00001]
 [3.99999 3.99999 3.99999 3.99999 4.      4.00001]
 [3.99999 3.99999 3.99999 3.99999 3.99999 4.     ]]
||w-g||/||g|| = 2.1652418327739164e-05
